100
283.92673
-608.63613
149.33737
-319.87241
493.77699
-920.90235
-260.35109
930.54731
-486.79313
-126.09639
627.82594
-10.41285
667.81912
-345.34191
174.33844
-522.13509
-384.43768
441.91927
837.69210
22.70621
-639.40264
-166.66105
-672.39814
-236.53756
-204.14094
-85.51766
-180.78104
529.85242
980.80703
-570.62422
-952.49518
-508.68763
-837.46295
-447.05647
-247.54880
-315.23483
787.34735
-340.69442
109.38717
-615.37857
394.33158
473.73671
132.94239
-645.62266
-58.31030
-775.96331
507.67936
306.30693
-69.68428
-165.35418
808.89988
858.87406
-921.32391
-618.10369
426.68204
512.14622
701.33441
-127.15123
948.17130
10.87928
742.12065
-199.56840
-606.14780
-298.68686
-410.33629
-84.32626
-374.09382
907.08048
346.82763
610.49950
424.57254
-234.92138
704.86699
294.78558
-66.10003
-37.07548
375.04371
68.25523
-699.70111
552.00984
870.06949
946.92384
903.91635
-166.40578
-181.23796
-424.27133
492.79700
-183.75972
-47.85196
-555.28272
705.98121
-710.62270
-614.21623
-156.68174
181.94185
-427.63466
-742.89477
-794.72329
-31.07743
-391.45481